D146a002.CNV
* Sea-Bird SBE 9 Data File:
* FileName = C:\CTD_ACQUISITION\2025146LAT\ctddata\146a002.hdr
* Software Version Seasave V 7.26.7.121
* Temperature SN = 4807
* Conductivity SN = 4361
* Number of Bytes Per Scan = 44
* Number of Voltage Words = 5
* Number of Scans Averaged by the Deck Unit = 1
* NMEA Latitude = 47 33.03 N
* NMEA Longitude = 052 34.82 W
* NMEA UTC (Time) = Apr 29 2025 11:10:22
* NMEA baud rate = 4800
** Ship: R/V ATALANTE
** Cruise: LAT2025146
** Chief_Scientist: MARC RINGUETTE
** Organization: BIO
** Area_of_Operation: LABRADOR SEA
** Cruise_Description: ATLANTIC ZONE OFFSHORE MONITORING PROGRAM (AZOMP)
** Station_Name: STN27
** Event_Number:  002
** Sounding:  180
** Event_Comments:
# nquan = 28
# nvalues = 337                         
# units = specified
# name 0 = scan: Scan Count
# name 1 = timeS: Time, Elapsed [seconds]
# name 2 = prDM: Pressure, Digiquartz [db]
# name 3 = t090C: Temperature [ITS-90, deg C]
# name 4 = c0S/m: Conductivity [S/m]
# name 5 = t190C: Temperature, 2 [ITS-90, deg C]
# name 6 = c1S/m: Conductivity, 2 [S/m]
# name 7 = altM: Altimeter [m]
# name 8 = par/sat/log: PAR/Logarithmic, Satlantic
# name 9 = sbeox0V: Oxygen raw, SBE 43 [V]
# name 10 = sbeox1V: Oxygen raw, SBE 43, 2 [V]
# name 11 = flSPuv0: Fluorescence, Seapoint Ultraviolet
# name 12 = flSP: Fluorescence, Seapoint
# name 13 = ph: pH
# name 14 = turbWETbb0: Turbidity, WET Labs ECO BB [m^-1/sr]
# name 15 = spar: SPAR, Biospherical/Licor
# name 16 = latitude: Latitude [deg]
# name 17 = longitude: Longitude [deg]
# name 18 = sal00: Salinity, Practical [PSU]
# name 19 = sal11: Salinity, Practical, 2 [PSU]
# name 20 = potemp090C: Potential Temperature [ITS-90, deg C]
# name 21 = potemp190C: Potential Temperature, 2 [ITS-90, deg C]
# name 22 = sigma-é00: Density [sigma-theta, kg/m^3]
# name 23 = sigma-é11: Density, 2 [sigma-theta, kg/m^3]
# name 24 = sbeox0ML/L: Oxygen, SBE 43 [ml/l], WS = 2
# name 25 = sbeox1ML/L: Oxygen, SBE 43, 2 [ml/l], WS = 2
# name 26 = nbin: number of scans per bin
# name 27 = flag: flag
# span 0 =      11023,      23231       
# span 1 =    459.254,    967.918       
# span 2 =      2.000,    170.000       
# span 3 =    -0.8098,     1.0070       
# span 4 =   2.658292,   2.770847       
# span 5 =    -0.8100,     1.0061       
# span 6 =   2.658508,   2.770833       
# span 7 =       0.98,      99.99       
# span 8 = 1.0763e-01, 1.0822e-01       
# span 9 =     2.0212,     2.2548       
# span 10 =     2.9494,     3.3074      
# span 11 =     1.7205,     1.8682      
# span 12 = 2.3658e-01, 4.0237e+00      
# span 13 =      8.140,      8.286      
# span 14 = 2.8324e-04, 1.4004e-03      
# span 15 = 2.6840e-04, 1.3356e-03      
# span 16 =   47.55078,   47.55106      
# span 17 =  -52.58044,  -52.58032      
# span 18 =    32.1487,    32.6869      
# span 19 =    32.1490,    32.6865      
# span 20 =    -0.8130,     1.0069      
# span 21 =    -0.8132,     1.0060      
# span 22 =    25.7528,    26.2612      
# span 23 =    25.7530,    26.2611      
# span 24 =     7.7973,     8.7038      
# span 25 =     7.8060,     8.7716      
# span 26 =          7,         69      
# span 27 = 0.0000e+00, 0.0000e+00      
# interval = decibars: 0.5              
# start_time = Apr 29 2025 11:10:23 [NMEA time, first data scan]
# bad_flag = -9.990e-29
*END*
      11023    459.254      2.000     1.0052   2.769110     1.0041   2.769031       1.44 1.0802e-01     2.2528     3.3048     1.8154 2.4854e-01      8.284 3.0926e-04 1.3356e-03   47.55080  -52.58032    32.1488    32.1490     1.0051     1.0040    25.7528    25.7530     8.4482     8.4566          8 0.0000e+00
      11040    459.976      2.500     1.0055   2.769181     1.0048   2.769155       1.28 1.0797e-01     2.2528     3.3049     1.8441 2.4505e-01      8.284 3.1577e-04 1.0255e-03   47.55080  -52.58032    32.1491    32.1495     1.0054     1.0047    25.7530    25.7534     8.4480     8.4705         13 0.0000e+00
      11050    460.395      3.000     1.0063   2.769299     1.0056   2.769226       0.98 1.0800e-01     2.2529     3.3056     1.8242 2.3658e-01      8.284 3.1499e-04 1.2207e-03   47.55080  -52.58032    32.1495    32.1493     1.0062     1.0055    25.7533    25.7532     8.4482     8.4767          8 0.0000e+00
      11059    460.748      3.500     1.0070   2.769376     1.0061   2.769299       0.98 1.0800e-01     2.2528     3.3062     1.8282 2.7244e-01      8.285 3.7096e-04 1.2210e-03   47.55080  -52.58032    32.1495    32.1494     1.0069     1.0060    25.7533    25.7532     8.4586     8.4809          9 0.0000e+00
      11068    461.115      4.000     1.0052   2.769308     1.0047   2.769280      53.30 1.0796e-01     2.2528     3.3064     1.8330 2.5818e-01      8.285 3.7422e-04 1.2210e-03   47.55080  -52.58032    32.1501    32.1503     1.0051     1.0046    25.7539    25.7541     8.4734     8.4825          9 0.0000e+00
      11081    461.673      4.500     1.0041   2.769222     1.0036   2.769185      87.50 1.0800e-01     2.2548     3.3074     1.8167 2.5875e-01      8.286 3.6190e-04 1.0548e-03   47.55080  -52.58032    32.1499    32.1500     1.0039     1.0034    25.7538    25.7538     8.4867     8.4878         20 0.0000e+00
      11340    472.475      5.000     1.0049   2.769282     1.0041   2.769233      89.57 1.0798e-01     2.2516     3.3011     1.8197 2.8912e-01      8.286 3.1388e-04 9.7480e-04   47.55080  -52.58034    32.1496    32.1498     1.0047     1.0039    25.7535    25.7537     8.4394     8.4556         26 0.0000e+00
      11349    472.838      5.500     1.0033   2.769193     1.0029   2.769167      87.32 1.0798e-01     2.2514     3.3018     1.8203 3.1302e-01      8.286 3.1875e-04 1.2214e-03   47.55080  -52.58034    32.1498    32.1500     1.0031     1.0027    25.7537    25.7539     8.4444     8.4729         19 0.0000e+00
      11369    473.678      6.000     1.0044   2.769288     1.0029   2.769191      86.46 1.0800e-01     2.2516     3.3038     1.8192 2.4882e-01      8.286 3.5866e-04 1.1661e-03   47.55080  -52.58034    32.1496    32.1500     1.0042     1.0027    25.7535    25.7539     8.4437     8.4832         22 0.0000e+00
      11393    474.656      6.500     1.0046   2.769313     1.0035   2.769263      89.93 1.0800e-01     2.2510     3.3057     1.8221 2.9062e-01      8.286 3.4860e-04 1.2204e-03   47.55080  -52.58034    32.1494    32.1499     1.0044     1.0032    25.7534    25.7538     8.4410     8.4795         25 0.0000e+00
      11420    475.801      7.000     1.0048   2.769369     1.0037   2.769309      90.91 1.0800e-01     2.2521     3.3055     1.8302 3.2284e-01      8.286 3.7393e-04 1.1404e-03   47.55079  -52.58034    32.1497    32.1501     1.0045     1.0034    25.7536    25.7540     8.4592     8.4682         30 0.0000e+00
      11450    477.051      7.500     1.0046   2.769382     1.0035   2.769316      89.85 1.0800e-01     2.2517     3.3042     1.8265 3.3706e-01      8.286 4.1782e-04 9.6357e-04   47.55078  -52.58034    32.1498    32.1501     1.0043     1.0032    25.7536    25.7540     8.4308     8.4667         25 0.0000e+00
      11469    477.814      8.000     1.0052   2.769431     1.0040   2.769379      89.39 1.0800e-01     2.2505     3.3047     1.8177 3.2507e-01      8.286 3.5091e-04 1.0686e-03   47.55078  -52.58034    32.1495    32.1501     1.0049     1.0037    25.7534    25.7539     8.4330     8.4735         16 0.0000e+00
      11483    478.434      8.500     1.0047   2.769442     1.0035   2.769369      91.06 1.0800e-01     2.2508     3.3047     1.8325 2.8022e-01      8.286 3.3427e-04 1.0467e-03   47.55078  -52.58034    32.1499    32.1502     1.0044     1.0032    25.7537    25.7540     8.4420     8.4747         14 0.0000e+00
      11498    479.059      9.000     1.0027   2.769329     1.0012   2.769234      87.65 1.0795e-01     2.2505     3.3049     1.8192 3.5066e-01      8.286 4.0948e-04 9.1645e-04   47.55078  -52.58034    32.1502    32.1506     1.0024     1.0009    25.7541    25.7545     8.4508     8.4784         16 0.0000e+00
      11515    479.759      9.500     1.0020   2.769268     1.0008   2.769201      84.02 1.0796e-01     2.2513     3.3056     1.8157 4.4071e-01      8.286 3.9833e-04 1.0158e-03   47.55079  -52.58034    32.1499    32.1503     1.0016     1.0004    25.7539    25.7543     8.4543     8.4819         18 0.0000e+00
      11536    480.619     10.000     1.0029   2.769345     1.0011   2.769248      87.60 1.0798e-01     2.2510     3.3061     1.8307 4.2799e-01      8.286 3.6646e-04 1.0614e-03   47.55080  -52.58034    32.1497    32.1503     1.0025     1.0007    25.7536    25.7542     8.4389     8.4848         23 0.0000e+00
      11561    481.659     10.500     1.0032   2.769400     1.0022   2.769344      90.36 1.0800e-01     2.2506     3.3068     1.8194 3.9009e-01      8.286 3.2107e-04 1.0852e-03   47.55080  -52.58034    32.1498    32.1501     1.0028     1.0018    25.7537    25.7541     8.4446     8.4830         27 0.0000e+00
      11585    482.661     11.000     1.0030   2.769412     1.0021   2.769359      90.93 1.0800e-01     2.2504     3.3070     1.8239 4.6479e-01      8.286 3.4087e-04 1.1594e-03   47.55079  -52.58034    32.1499    32.1501     1.0026     1.0017    25.7538    25.7541     8.4420     8.4789         19 0.0000e+00
      11601    483.317     11.500     1.0031   2.769434     1.0022   2.769388      87.89 1.0800e-01     2.2503     3.3059     1.8257 3.8581e-01      8.286 3.2867e-04 1.1336e-03   47.55078  -52.58034    32.1497    32.1502     1.0027     1.0017    25.7537    25.7541     8.4424     8.4732         14 0.0000e+00
      11613    483.852     12.000     1.0029   2.769449     1.0020   2.769388      87.62 1.0800e-01     2.2503     3.3057     1.8351 3.5019e-01      8.286 3.1804e-04 1.0180e-03   47.55078  -52.58034    32.1498    32.1501     1.0024     1.0015    25.7538    25.7541     8.4446     8.4770         12 0.0000e+00
      11626    484.382     12.500     1.0029   2.769465     1.0018   2.769407      89.75 1.0800e-01     2.2501     3.3059     1.8315 3.9221e-01      8.286 3.3866e-04 9.3819e-04   47.55078  -52.58034    32.1498    32.1502     1.0024     1.0013    25.7538    25.7542     8.4444     8.4844         13 0.0000e+00
      11640    484.974     13.000     1.0025   2.769474     1.0014   2.769416      89.08 1.0798e-01     2.2501     3.3062     1.8288 4.9281e-01      8.286 3.6645e-04 7.6474e-04   47.55078  -52.58034    32.1501    32.1504     1.0020     1.0009    25.7540    25.7544     8.4468     8.4874         16 0.0000e+00
      11658    485.728     13.500     1.0021   2.769448     1.0009   2.769400      88.05 1.0800e-01     2.2502     3.3068     1.8320 5.1650e-01      8.286 3.3914e-04 1.0386e-03   47.55078  -52.58034    32.1499    32.1505     1.0016     1.0004    25.7539    25.7545     8.4491     8.4893         22 0.0000e+00
      11696    487.281     14.000     1.0022   2.769476     1.0011   2.769423      89.74 1.0800e-01     2.2499     3.3067     1.8203 3.3133e-01      8.286 3.8128e-04 1.1484e-03   47.55078  -52.58034    32.1498    32.1503     1.0017     1.0005    25.7538    25.7543     8.4432     8.4800         50 0.0000e+00
      11733    488.820     14.500     1.0025   2.769529     1.0013   2.769466      90.11 1.0800e-01     2.2499     3.3049     1.8384 4.5533e-01      8.286 3.1439e-04 1.0310e-03   47.55078  -52.58034    32.1499    32.1504     1.0019     1.0007    25.7539    25.7543     8.4478     8.4649         20 0.0000e+00
      11748    489.477     15.000     1.0026   2.769550     1.0018   2.769506      86.86 1.0800e-01     2.2497     3.3031     1.8293 4.6355e-01      8.286 3.0047e-04 1.1422e-03   47.55078  -52.58034    32.1498    32.1501     1.0020     1.0012    25.7538    25.7541     8.4442     8.4591         15 0.0000e+00
      11762    490.044     15.500     1.0027   2.769589     1.0020   2.769535      87.89 1.0797e-01     2.2498     3.3018     1.8287 5.0642e-01      8.286 3.2769e-04 9.3842e-04   47.55078  -52.58034    32.1499    32.1500     1.0021     1.0014    25.7539    25.7540     8.4383     8.4645         13 0.0000e+00
      11775    490.567     16.000     1.0030   2.769627     1.0019   2.769542      89.20 1.0800e-01     2.2491     3.3022     1.8408 4.1438e-01      8.286 3.7469e-04 1.1208e-03   47.55078  -52.58034    32.1498    32.1499     1.0024     1.0013    25.7537    25.7539     8.4319     8.4753         12 0.0000e+00
      11787    491.079     16.500     1.0028   2.769630     1.0019   2.769578      89.18 1.0800e-01     2.2486     3.3024     1.8377 4.1514e-01      8.286 3.8183e-04 1.2201e-03   47.55078  -52.58034    32.1498    32.1501     1.0022     1.0013    25.7538    25.7540     8.4348     8.4798         13 0.0000e+00
      11800    491.626     17.000     1.0038   2.769705     1.0023   2.769614      89.19 1.0800e-01     2.2486     3.3031     1.8241 4.2775e-01      8.286 4.1143e-04 1.2210e-03   47.55078  -52.58034    32.1495    32.1498     1.0031     1.0016    25.7535    25.7538     8.4422     8.4791         14 0.0000e+00
      11816    492.271     17.500     1.0045   2.769790     1.0035   2.769730      88.34 1.0798e-01     2.2485     3.3028     1.8363 4.6283e-01      8.286 3.8179e-04 1.0124e-03   47.55078  -52.58034    32.1495    32.1497     1.0038     1.0028    25.7535    25.7537     8.4468     8.4781         17 0.0000e+00
      11834    493.038     18.000     1.0040   2.769784     1.0031   2.769733      87.86 1.0800e-01     2.2490     3.3033     1.8292 5.0489e-01      8.286 3.2982e-04 1.1559e-03   47.55078  -52.58034    32.1496    32.1499     1.0033     1.0024    25.7536    25.7539     8.4457     8.4838         19 0.0000e+00
      11853    493.832     18.500     1.0038   2.769783     1.0028   2.769723      87.99 1.0798e-01     2.2484     3.3040     1.8337 5.8951e-01      8.286 3.3024e-04 1.0835e-03   47.55078  -52.58034    32.1496    32.1498     1.0031     1.0021    25.7536    25.7538     8.4377     8.4852         18 0.0000e+00
      11870    494.529     19.000     1.0037   2.769736     1.0032   2.769766      90.75 1.0800e-01     2.2484     3.3041     1.8139 6.0768e-01      8.286 3.3473e-04 1.1454e-03   47.55078  -52.58034    32.1488    32.1497     1.0030     1.0025    25.7529    25.7537     8.4387     8.4832         16 0.0000e+00
      11885    495.146     19.500     1.0035   2.769792     1.0029   2.769771      90.36 1.0800e-01     2.2479     3.3044     1.8215 5.2497e-01      8.286 3.4774e-04 1.2211e-03   47.55078  -52.58034    32.1495    32.1498     1.0027     1.0021    25.7535    25.7538     8.4396     8.4845         14 0.0000e+00
      11899    495.762     20.000     1.0038   2.769848     1.0029   2.769783      90.04 1.0800e-01     2.2480     3.3042     1.8300 5.0546e-01      8.285 3.5475e-04 9.9525e-04   47.55078  -52.58034    32.1495    32.1497     1.0030     1.0021    25.7535    25.7537     8.4443     8.4837         16 0.0000e+00
      11917    496.501     20.500     1.0043   2.769909     1.0034   2.769858      87.11 1.0800e-01     2.2480     3.3043     1.8240 5.6370e-01      8.286 3.6251e-04 1.1554e-03   47.55078  -52.58034    32.1495    32.1499     1.0035     1.0026    25.7535    25.7538     8.4420     8.4856         20 0.0000e+00
      11939    497.432     21.000     1.0045   2.769935     1.0029   2.769850      88.55 1.0800e-01     2.2479     3.3046     1.8081 6.2086e-01      8.285 3.5536e-04 1.1701e-03   47.55078  -52.58034    32.1494    32.1500     1.0037     1.0021    25.7534    25.7539     8.4427     8.4855         24 0.0000e+00
      11962    498.364     21.500     1.0026   2.769834     1.0018   2.769759      90.26 1.0800e-01     2.2478     3.3041     1.8255 5.8288e-01      8.285 4.1504e-04 1.0233e-03   47.55078  -52.58034    32.1498    32.1497     1.0018     1.0010    25.7538    25.7537     8.4470     8.4817         19 0.0000e+00
      11979    499.064     22.000     1.0037   2.769893     1.0033   2.769892      89.48 1.0800e-01     2.2481     3.3039     1.8383 4.7535e-01      8.285 4.0284e-04 1.0591e-03   47.55078  -52.58034    32.1491    32.1495     1.0028     1.0024    25.7532    25.7535     8.4472     8.4817         15 0.0000e+00
      11992    499.631     22.500     1.0044   2.769993     1.0039   2.769956      88.14 1.0800e-01     2.2481     3.3035     1.8314 4.2874e-01      8.284 3.4334e-04 1.0329e-03   47.55078  -52.58035    32.1494    32.1495     1.0035     1.0030    25.7534    25.7535     8.4438     8.4823         13 0.0000e+00
      12004    500.145     23.000     1.0041   2.770008     1.0035   2.769969      89.01 1.0800e-01     2.2479     3.3036     1.8230 5.4822e-01      8.285 3.3951e-04 1.1191e-03   47.55078  -52.58036    32.1496    32.1497     1.0032     1.0026    25.7536    25.7537     8.4376     8.4866         12 0.0000e+00
      12016    500.639     23.500     1.0043   2.770033     1.0036   2.769984      89.53 1.0800e-01     2.2474     3.3038     1.8254 4.5099e-01      8.285 3.0890e-04 1.0188e-03   47.55078  -52.58036    32.1495    32.1496     1.0034     1.0027    25.7534    25.7536     8.4362     8.4879         12 0.0000e+00
      12028    501.140     24.000     1.0040   2.769971     1.0031   2.769963      90.07 1.0800e-01     2.2469     3.3042     1.8332 6.9301e-01      8.284 3.0850e-04 1.1180e-03   47.55078  -52.58036    32.1487    32.1496     1.0031     1.0021    25.7528    25.7536     8.4433     8.4860         12 0.0000e+00
      12041    501.679     24.500     1.0038   2.770034     1.0033   2.770002      90.40 1.0800e-01     2.2476     3.3034     1.8362 6.2129e-01      8.284 4.0876e-04 1.2194e-03   47.55078  -52.58036    32.1494    32.1495     1.0028     1.0023    25.7534    25.7536     8.4527     8.4785         14 0.0000e+00
      12056    502.295     25.000     1.0042   2.770081     1.0032   2.769998      87.48 1.0800e-01     2.2478     3.3028     1.8365 5.2035e-01      8.284 4.1820e-04 1.1469e-03   47.55078  -52.58036    32.1493    32.1493     1.0032     1.0022    25.7533    25.7533     8.4455     8.4778         16 0.0000e+00
      12073    503.016     25.500     1.0041   2.770079     1.0030   2.770029      86.76 1.0800e-01     2.2471     3.3024     1.8388 5.4923e-01      8.285 3.4026e-04 9.5102e-04   47.55078  -52.58036    32.1492    32.1496     1.0031     1.0020    25.7532    25.7536     8.4369     8.4820         18 0.0000e+00
      12092    503.808     26.000     1.0034   2.770065     1.0026   2.770019      87.00 1.0800e-01     2.2468     3.3024     1.8179 1.2756e+00      8.285 3.4892e-04 1.2269e-03   47.55078  -52.58036    32.1493    32.1497     1.0024     1.0016    25.7534    25.7537     8.4401     8.4811         19 0.0000e+00
      12110    504.543     26.500     1.0032   2.770058     1.0025   2.770027      89.29 1.0800e-01     2.2467     3.3017     1.8177 5.9993e-01      8.284 3.5552e-04 1.0637e-03   47.55078  -52.58036    32.1492    32.1495     1.0022     1.0015    25.7533    25.7536     8.4436     8.4733         16 0.0000e+00
      12125    505.171     27.000     1.0037   2.770129     1.0027   2.770074      87.34 1.0800e-01     2.2467     3.3008     1.8291 4.5799e-01      8.283 3.2500e-04 1.1401e-03   47.55078  -52.58036    32.1494    32.1496     1.0026     1.0016    25.7534    25.7537     8.4466     8.4672         15 0.0000e+00
