D146a002.CNV
* Sea-Bird SBE 9 Data File:
* FileName = C:\CTD_ACQUISITION\2025146LAT\ctddata\146a002.hdr
* Software Version Seasave V 7.26.7.121
* Temperature SN = 4807
* Conductivity SN = 4361
* Number of Bytes Per Scan = 44
* Number of Voltage Words = 5
* Number of Scans Averaged by the Deck Unit = 1
* NMEA Latitude = 47 33.03 N
* NMEA Longitude = 052 34.82 W
* NMEA UTC (Time) = Apr 29 2025 11:10:22
* NMEA baud rate = 4800
** Ship: R/V ATALANTE
** Cruise: LAT2025146
** Chief_Scientist: MARC RINGUETTE
** Organization: BIO
** Area_of_Operation: LABRADOR SEA
** Cruise_Description: ATLANTIC ZONE OFFSHORE MONITORING PROGRAM (AZOMP)
** Station_Name: STN27
** Event_Number:  002
** Sounding:  180
** Event_Comments:
# nquan = 28
# nvalues = 337                         
# units = specified
# name 0 = scan: Scan Count
# name 1 = timeS: Time, Elapsed [seconds]
# name 2 = prDM: Pressure, Digiquartz [db]
# name 3 = t090C: Temperature [ITS-90, deg C]
# name 4 = c0S/m: Conductivity [S/m]
# name 5 = t190C: Temperature, 2 [ITS-90, deg C]
# name 6 = c1S/m: Conductivity, 2 [S/m]
# name 7 = altM: Altimeter [m]
# name 8 = par/sat/log: PAR/Logarithmic, Satlantic
# name 9 = sbeox0V: Oxygen raw, SBE 43 [V]
# name 10 = sbeox1V: Oxygen raw, SBE 43, 2 [V]
# name 11 = flSPuv0: Fluorescence, Seapoint Ultraviolet
# name 12 = flSP: Fluorescence, Seapoint
# name 13 = ph: pH
# name 14 = turbWETbb0: Turbidity, WET Labs ECO BB [m^-1/sr]
# name 15 = spar: SPAR, Biospherical/Licor
# name 16 = latitude: Latitude [deg]
# name 17 = longitude: Longitude [deg]
# name 18 = sal00: Salinity, Practical [PSU]
# name 19 = sal11: Salinity, Practical, 2 [PSU]
# name 20 = potemp090C: Potential Temperature [ITS-90, deg C]
# name 21 = potemp190C: Potential Temperature, 2 [ITS-90, deg C]
# name 22 = sigma-é00: Density [sigma-theta, kg/m^3]
# name 23 = sigma-é11: Density, 2 [sigma-theta, kg/m^3]
# name 24 = sbeox0ML/L: Oxygen, SBE 43 [ml/l], WS = 2
# name 25 = sbeox1ML/L: Oxygen, SBE 43, 2 [ml/l], WS = 2
# name 26 = nbin: number of scans per bin
# name 27 = flag: flag
# span 0 =      11023,      23231       
# span 1 =    459.254,    967.918       
# span 2 =      2.000,    170.000       
# span 3 =    -0.8098,     1.0070       
# span 4 =   2.658292,   2.770847       
# span 5 =    -0.8100,     1.0061       
# span 6 =   2.658508,   2.770833       
# span 7 =       0.98,      99.99       
# span 8 = 1.0763e-01, 1.0822e-01       
# span 9 =     2.0212,     2.2548       
# span 10 =     2.9494,     3.3074      
# span 11 =     1.7205,     1.8682      
# span 12 = 2.3658e-01, 4.0237e+00      
# span 13 =      8.140,      8.286      
# span 14 = 2.8324e-04, 1.4004e-03      
# span 15 = 2.6840e-04, 1.3356e-03      
# span 16 =   47.55078,   47.55106      
# span 17 =  -52.58044,  -52.58032      
# span 18 =    32.1487,    32.6869      
# span 19 =    32.1490,    32.6865      
# span 20 =    -0.8130,     1.0069      
# span 21 =    -0.8132,     1.0060      
# span 22 =    25.7528,    26.2612      
# span 23 =    25.7530,    26.2611      
# span 24 =     7.7973,     8.7038      
# span 25 =     7.8060,     8.7716      
# span 26 =          7,         69      
# span 27 = 0.0000e+00, 0.0000e+00      
# interval = decibars: 0.5              
# start_time = Apr 29 2025 11:10:23 [NMEA time, first data scan]
# bad_flag = -9.990e-29
*END*
[from data line 311]
      19453    810.500    157.500    -0.5472   2.689256    -0.5474   2.689239      22.25 1.0792e-01     2.0457     2.9831     1.7692 5.2160e-01      8.151 5.0840e-04 7.2414e-04   47.55104  -52.58036    32.6529    32.6529    -0.5516    -0.5518    26.2352    26.2352     7.8688     7.8828         22 0.0000e+00
      19602    816.694    158.000    -0.5490   2.688945    -0.5451   2.689462      21.78 1.0784e-01     2.0439     2.9813     1.7779 9.5903e-01      8.150 4.9302e-04 6.8701e-04   47.55104  -52.58036    32.6504    32.6531    -0.5534    -0.5495    26.2332    26.2353     7.8766     7.8728         16 0.0000e+00
      19620    817.470    158.500    -0.5538   2.688754    -0.5472   2.689414      20.93 1.0792e-01     2.0423     2.9787     1.7534 9.7360e-01      8.151 5.9062e-04 7.9236e-04   47.55104  -52.58036    32.6527    32.6544    -0.5582    -0.5517    26.2353    26.2364     7.8690     7.8687         20 0.0000e+00
      19643    818.421    159.000    -0.5547   2.688565    -0.5443   2.689799      20.39 1.0789e-01     2.0403     2.9748     1.7667 7.9922e-01      8.151 5.7085e-04 6.3924e-04   47.55104  -52.58036    32.6508    32.6562    -0.5592    -0.5488    26.2338    26.2378     7.8554     7.8550         27 0.0000e+00
      19751    822.935    159.500    -0.5514   2.688834    -0.5450   2.689670      19.75 1.0794e-01     2.0383     2.9723     1.7585 8.9124e-01      8.148 5.4527e-04 7.8091e-04   47.55104  -52.58036    32.6506    32.6549    -0.5559    -0.5495    26.2336    26.2368     7.8570     7.8611         21 0.0000e+00
      19820    825.790    160.000    -0.5435   2.689806    -0.5428   2.689966      19.82 1.0786e-01     2.0384     2.9724     1.7759 7.5238e-01      8.146 5.5549e-04 6.5973e-04   47.55104  -52.58036    32.6548    32.6562    -0.5480    -0.5473    26.2366    26.2377     7.8544     7.8612         13 0.0000e+00
      19835    826.419    160.500    -0.5417   2.690272    -0.5424   2.690159      18.90 1.0792e-01     2.0372     2.9715     1.7669 8.4193e-01      8.146 6.4168e-04 9.4933e-04   47.55104  -52.58036    32.6588    32.6580    -0.5462    -0.5469    26.2398    26.2392     7.8446     7.8619         14 0.0000e+00
      19851    827.104    161.000    -0.5426   2.690295    -0.5427   2.690256      18.42 1.0793e-01     2.0360     2.9702     1.7722 6.9671e-01      8.146 6.8353e-04 8.6086e-04   47.55106  -52.58036    32.6598    32.6594    -0.5471    -0.5472    26.2406    26.2403     7.8424     7.8630         20 0.0000e+00
      19894    828.891    161.500    -0.5541   2.689154    -0.5535   2.689182      17.57 1.0792e-01     2.0345     2.9696     1.7671 9.2117e-01      8.146 6.5588e-04 7.9973e-04   47.55106  -52.58036    32.6566    32.6564    -0.5586    -0.5580    26.2385    26.2383     7.8583     7.8726         69 0.0000e+00
      19954    831.359    162.000    -0.5618   2.688186    -0.5486   2.689653      17.07 1.0788e-01     2.0341     2.9680     1.7708 1.3475e+00      8.146 5.6616e-04 7.3568e-04   47.55106  -52.58035    32.6516    32.6571    -0.5663    -0.5532    26.2348    26.2387     7.8591     7.8546         38 0.0000e+00
      19985    832.646    162.500    -0.5444   2.690150    -0.5423   2.690520      16.65 1.0791e-01     2.0329     2.9655     1.7697 1.2014e+00      8.146 5.6816e-04 8.1402e-04   47.55106  -52.58034    32.6589    32.6616    -0.5490    -0.5469    26.2399    26.2420     7.8387     7.8416         30 0.0000e+00
      20015    833.913    163.000    -0.5412   2.690720    -0.5415   2.690699      16.14 1.0792e-01     2.0319     2.9626     1.7732 6.8852e-01      8.146 5.6519e-04 7.9953e-04   47.55106  -52.58035    32.6628    32.6629    -0.5458    -0.5461    26.2430    26.2431     7.8424     7.8304         29 0.0000e+00
      20040    834.958    163.500    -0.5413   2.690754    -0.5422   2.690662      15.74 1.0781e-01     2.0314     2.9606     1.7745 6.6625e-01      8.146 6.7203e-04 8.4938e-04   47.55106  -52.58036    32.6631    32.6628    -0.5459    -0.5468    26.2432    26.2430     7.8351     7.8369         23 0.0000e+00
      20065    836.005    164.000    -0.5421   2.690679    -0.5425   2.690639      15.15 1.0791e-01     2.0304     2.9607     1.7569 5.4650e-01      8.146 1.1752e-03 7.0002e-04   47.55106  -52.58036    32.6626    32.6625    -0.5467    -0.5471    26.2429    26.2428     7.8326     7.8458         28 0.0000e+00
      20094    837.199    164.500    -0.5422   2.690717    -0.5423   2.690696      14.60 1.0793e-01     2.0298     2.9612     1.7764 7.1425e-01      8.145 7.8027e-04 8.1732e-04   47.55106  -52.58036    32.6629    32.6628    -0.5468    -0.5469    26.2432    26.2430     7.8328     7.8446         27 0.0000e+00
      20118    838.219    165.000    -0.5443   2.690428    -0.5437   2.690554      14.15 1.0789e-01     2.0294     2.9599     1.7700 6.3311e-01      8.145 7.9187e-04 7.9613e-04   47.55106  -52.58034    32.6610    32.6621    -0.5490    -0.5484    26.2417    26.2425     7.8379     7.8373         23 0.0000e+00
      20141    839.165    165.500    -0.5438   2.690507    -0.5440   2.690518      13.64 1.0794e-01     2.0294     2.9600     1.7630 1.1466e+00      8.145 1.1245e-03 6.6441e-04   47.55106  -52.58034    32.6613    32.6616    -0.5485    -0.5487    26.2419    26.2421     7.8407     7.8451         24 0.0000e+00
      20174    840.541    166.000    -0.5428   2.690689    -0.5427   2.690699      13.03 1.0791e-01     2.0294     2.9603     1.7689 8.5344e-01      8.144 8.6028e-04 8.3584e-04   47.55106  -52.58034    32.6624    32.6624    -0.5475    -0.5474    26.2427    26.2427     7.8395     7.8452         46 0.0000e+00
      20222    842.523    166.500    -0.5416   2.690890    -0.5419   2.690858      12.46 1.0786e-01     2.0291     2.9593     1.7631 6.9460e-01      8.143 5.2463e-04 6.7915e-04   47.55106  -52.58034    32.6634    32.6634    -0.5463    -0.5466    26.2435    26.2435     7.8347     7.8393         39 0.0000e+00
      20263    844.267    167.000    -0.5397   2.691198    -0.5382   2.691456      11.96 1.0790e-01     2.0284     2.9595     1.7668 8.6463e-01      8.143 6.9592e-04 8.8437e-04   47.55106  -52.58034    32.6652    32.6670    -0.5444    -0.5429    26.2449    26.2463     7.8295     7.8395         46 0.0000e+00
      20305    846.017    167.500    -0.5280   2.692810    -0.5272   2.692991      11.46 1.0796e-01     2.0275     2.9583     1.7603 6.9981e-01      8.142 7.6903e-04 8.0754e-04   47.55106  -52.58034    32.6738    32.6754    -0.5328    -0.5320    26.2514    26.2526     7.8181     7.8333         41 0.0000e+00
      20443    851.770    168.000    -0.5293   2.692597    -0.5299   2.692708      11.31 1.0788e-01     2.0270     2.9598     1.7550 8.2922e-01      8.141 6.4698e-04 9.1740e-04   47.55106  -52.58034    32.6721    32.6742    -0.5341    -0.5347    26.2501    26.2518     7.8212     7.8290         16 0.0000e+00
      20460    852.440    168.500    -0.5215   2.693705    -0.5222   2.693688      10.65 1.0795e-01     2.0267     2.9584     1.7636 1.1539e+00      8.141 6.0828e-04 8.1637e-04   47.55106  -52.58034    32.6783    32.6787    -0.5263    -0.5270    26.2548    26.2551     7.8131     7.8177         21 0.0000e+00
      21264    885.959    169.000    -0.5269   2.693199    -0.5273   2.693103       9.99 1.0791e-01     2.0249     2.9558     1.7776 1.4517e+00      8.141 6.4644e-04 6.7768e-04   47.55106  -52.58033    32.6770    32.6762    -0.5317    -0.5321    26.2540    26.2533     7.8129     7.8182         36 0.0000e+00
      22215    925.601    169.500    -0.5095   2.695365    -0.5123   2.695114       9.62 1.0792e-01     2.0225     2.9542     1.7797 6.5197e-01      8.140 6.8124e-04 8.1350e-04   47.55102  -52.58036    32.6869    32.6865    -0.5144    -0.5172    26.2612    26.2611     7.7973     7.8113         25 0.0000e+00
      23231    967.918    170.000    -0.5252   2.693688    -0.5266   2.693522       8.77 1.0788e-01     2.0212     2.9494     1.7750 1.1898e+00      8.141 5.9257e-04 5.6355e-04   47.55096  -52.58042    32.6811    32.6803    -0.5300    -0.5314    26.2572    26.2566     7.8020     7.8060         22 0.0000e+00
