D146a002.CNV
* Sea-Bird SBE 9 Data File:
* FileName = C:\CTD_ACQUISITION\2025146LAT\ctddata\146a002.hdr
* Software Version Seasave V 7.26.7.121
* Temperature SN = 4807
* Conductivity SN = 4361
* Number of Bytes Per Scan = 44
* Number of Voltage Words = 5
* Number of Scans Averaged by the Deck Unit = 1
* NMEA Latitude = 47 33.03 N
* NMEA Longitude = 052 34.82 W
* NMEA UTC (Time) = Apr 29 2025 11:10:22
* NMEA baud rate = 4800
** Ship: R/V ATALANTE
** Cruise: LAT2025146
** Chief_Scientist: MARC RINGUETTE
** Organization: BIO
** Area_of_Operation: LABRADOR SEA
** Cruise_Description: ATLANTIC ZONE OFFSHORE MONITORING PROGRAM (AZOMP)
** Station_Name: STN27
** Event_Number:  002
** Sounding:  180
** Event_Comments:
# nquan = 28
# nvalues = 337                         
# units = specified
# name 0 = scan: Scan Count
# name 1 = timeS: Time, Elapsed [seconds]
# name 2 = prDM: Pressure, Digiquartz [db]
# name 3 = t090C: Temperature [ITS-90, deg C]
# name 4 = c0S/m: Conductivity [S/m]
# name 5 = t190C: Temperature, 2 [ITS-90, deg C]
# name 6 = c1S/m: Conductivity, 2 [S/m]
# name 7 = altM: Altimeter [m]
# name 8 = par/sat/log: PAR/Logarithmic, Satlantic
# name 9 = sbeox0V: Oxygen raw, SBE 43 [V]
# name 10 = sbeox1V: Oxygen raw, SBE 43, 2 [V]
# name 11 = flSPuv0: Fluorescence, Seapoint Ultraviolet
# name 12 = flSP: Fluorescence, Seapoint
# name 13 = ph: pH
# name 14 = turbWETbb0: Turbidity, WET Labs ECO BB [m^-1/sr]
# name 15 = spar: SPAR, Biospherical/Licor
# name 16 = latitude: Latitude [deg]
# name 17 = longitude: Longitude [deg]
# name 18 = sal00: Salinity, Practical [PSU]
# name 19 = sal11: Salinity, Practical, 2 [PSU]
# name 20 = potemp090C: Potential Temperature [ITS-90, deg C]
# name 21 = potemp190C: Potential Temperature, 2 [ITS-90, deg C]
# name 22 = sigma-é00: Density [sigma-theta, kg/m^3]
# name 23 = sigma-é11: Density, 2 [sigma-theta, kg/m^3]
# name 24 = sbeox0ML/L: Oxygen, SBE 43 [ml/l], WS = 2
# name 25 = sbeox1ML/L: Oxygen, SBE 43, 2 [ml/l], WS = 2
# name 26 = nbin: number of scans per bin
# name 27 = flag: flag
# span 0 =      11023,      23231       
# span 1 =    459.254,    967.918       
# span 2 =      2.000,    170.000       
# span 3 =    -0.8098,     1.0070       
# span 4 =   2.658292,   2.770847       
# span 5 =    -0.8100,     1.0061       
# span 6 =   2.658508,   2.770833       
# span 7 =       0.98,      99.99       
# span 8 = 1.0763e-01, 1.0822e-01       
# span 9 =     2.0212,     2.2548       
# span 10 =     2.9494,     3.3074      
# span 11 =     1.7205,     1.8682      
# span 12 = 2.3658e-01, 4.0237e+00      
# span 13 =      8.140,      8.286      
# span 14 = 2.8324e-04, 1.4004e-03      
# span 15 = 2.6840e-04, 1.3356e-03      
# span 16 =   47.55078,   47.55106      
# span 17 =  -52.58044,  -52.58032      
# span 18 =    32.1487,    32.6869      
# span 19 =    32.1490,    32.6865      
# span 20 =    -0.8130,     1.0069      
# span 21 =    -0.8132,     1.0060      
# span 22 =    25.7528,    26.2612      
# span 23 =    25.7530,    26.2611      
# span 24 =     7.7973,     8.7038      
# span 25 =     7.8060,     8.7716      
# span 26 =          7,         69      
# span 27 = 0.0000e+00, 0.0000e+00      
# interval = decibars: 0.5              
# start_time = Apr 29 2025 11:10:23 [NMEA time, first data scan]
# bad_flag = -9.990e-29
*END*
[from data line 208]
      17979    749.068    106.000    -0.3223   2.689630    -0.3223   2.689627      74.30 1.0764e-01     2.1775     3.1856     1.7544 1.3490e+00      8.228 3.9613e-04 8.2182e-04   47.55102  -52.58040    32.4471    32.4471    -0.3254    -0.3254    26.0598    26.0598     8.4780     8.4837         31 0.0000e+00
      18005    750.146    106.500    -0.3214   2.689762    -0.3214   2.689771      73.84 1.0765e-01     2.1761     3.1844     1.7671 7.8449e-01      8.228 4.3061e-04 6.6137e-04   47.55104  -52.58040    32.4476    32.4477    -0.3245    -0.3245    26.0602    26.0602     8.4702     8.4915         24 0.0000e+00
      18029    751.168    107.000    -0.3237   2.689776    -0.3244   2.689716      73.31 1.0763e-01     2.1751     3.1841     1.7692 8.6857e-01      8.228 4.4312e-04 7.4967e-04   47.55104  -52.58040    32.4499    32.4499    -0.3268    -0.3275    26.0621    26.0621     8.4669     8.4898         26 0.0000e+00
      18060    752.467    107.500    -0.3313   2.689323    -0.3324   2.689269      72.75 1.0764e-01     2.1737     3.1832     1.7565 1.0084e+00      8.228 4.7575e-04 7.1261e-04   47.55103  -52.58040    32.4518    32.4522    -0.3344    -0.3355    26.0639    26.0643     8.4632     8.4890         36 0.0000e+00
      18095    753.896    108.000    -0.3411   2.688763    -0.3418   2.688723      72.20 1.0763e-01     2.1720     3.1809     1.7619 1.0959e+00      8.229 4.0645e-04 8.3945e-04   47.55102  -52.58040    32.4545    32.4548    -0.3442    -0.3449    26.0665    26.0668     8.4341     8.4537         32 0.0000e+00
      18129    755.336    108.500    -0.3564   2.687805    -0.3610   2.687506      71.76 1.0767e-01     2.1665     3.1726     1.7619 1.2832e+00      8.228 5.2677e-04 7.9547e-04   47.55102  -52.58040    32.4578    32.4587    -0.3595    -0.3641    26.0698    26.0707     8.4007     8.4438         40 0.0000e+00
      18163    756.736    109.000    -0.3884   2.686149    -0.4061   2.684640      71.39 1.0763e-01     2.1639     3.1740     1.7513 8.8790e-01      8.225 5.0559e-04 7.9365e-04   47.55102  -52.58040    32.4696    32.4684    -0.3915    -0.4092    26.0807    26.0804     8.4516     8.5286         20 0.0000e+00
      18178    757.379    109.500    -0.5151   2.677167    -0.5259   2.676270      70.83 1.0768e-01     2.1650     3.1784     1.7451 1.0926e+00      8.225 4.9835e-04 1.0624e-03   47.55102  -52.58040    32.4851    32.4847    -0.5181    -0.5289    26.0982    26.0983     8.5033     8.5685         16 0.0000e+00
      18195    758.083    110.000    -0.5598   2.672347    -0.5627   2.672249      70.42 1.0763e-01     2.1664     3.1809     1.7358 1.1212e+00      8.226 5.4000e-04 5.7453e-04   47.55102  -52.58040    32.4683    32.4701    -0.5628    -0.5657    26.0864    26.0879     8.5256     8.5783         17 0.0000e+00
      18212    758.782    110.500    -0.5496   2.672967    -0.5553   2.672381      70.01 1.0763e-01     2.1670     3.1834     1.7488 1.3739e+00      8.225 6.0020e-04 9.2138e-04   47.55104  -52.58040    32.4654    32.4636    -0.5526    -0.5583    26.0836    26.0824     8.5275     8.5767         16 0.0000e+00
      18228    759.449    111.000    -0.5421   2.673393    -0.5400   2.673638      69.39 1.0763e-01     2.1686     3.1847     1.7491 1.1361e+00      8.224 5.1931e-04 6.0515e-04   47.55104  -52.58040    32.4627    32.4638    -0.5451    -0.5430    26.0812    26.0820     8.5341     8.5699         16 0.0000e+00
      18243    760.076    111.500    -0.5676   2.671964    -0.5715   2.671709      69.02 1.0766e-01     2.1693     3.1856     1.7301 1.1960e+00      8.225 4.9358e-04 6.9958e-04   47.55104  -52.58040    32.4706    32.4714    -0.5706    -0.5745    26.0885    26.0893     8.5369     8.5752         14 0.0000e+00
      18256    760.641    112.000    -0.5682   2.671567    -0.5735   2.671316      68.53 1.0763e-01     2.1699     3.1860     1.7405 1.0884e+00      8.225 4.3631e-04 7.5296e-04   47.55104  -52.58040    32.4657    32.4680    -0.5712    -0.5765    26.0846    26.0866     8.5397     8.5772         13 0.0000e+00
      18269    761.164    112.500    -0.5779   2.671073    -0.5797   2.670820      67.99 1.0763e-01     2.1702     3.1861     1.7292 1.4174e+00      8.225 4.3100e-04 7.1085e-04   47.55104  -52.58040    32.4691    32.4677    -0.5809    -0.5827    26.0877    26.0866     8.5374     8.5796         12 0.0000e+00
      18281    761.657    113.000    -0.5797   2.670849    -0.5800   2.670852      67.63 1.0763e-01     2.1708     3.1875     1.7370 1.5903e+00      8.225 3.9922e-04 1.1284e-03   47.55104  -52.58040    32.4678    32.4682    -0.5828    -0.5831    26.0867    26.0870     8.5413     8.5848         12 0.0000e+00
      18293    762.156    113.500    -0.5837   2.670604    -0.5837   2.670597      67.02 1.0763e-01     2.1708     3.1873     1.7208 1.5081e+00      8.225 3.8598e-04 7.5887e-04   47.55104  -52.58040    32.4685    32.4684    -0.5868    -0.5868    26.0874    26.0873     8.5369     8.5782         13 0.0000e+00
      18306    762.711    114.000    -0.5926   2.670175    -0.5913   2.670239      66.65 1.0763e-01     2.1709     3.1874     1.7454 1.5754e+00      8.225 4.1587e-04 7.8384e-04   47.55103  -52.58040    32.4721    32.4715    -0.5957    -0.5944    26.0907    26.0901     8.5344     8.5668         14 0.0000e+00
      18322    763.358    114.500    -0.6139   2.668934    -0.6130   2.669025      65.82 1.0763e-01     2.1707     3.1854     1.7285 1.3667e+00      8.223 4.3827e-04 4.4008e-04   47.55102  -52.58040    32.4780    32.4782    -0.6170    -0.6161    26.0963    26.0964     8.5292     8.5534         17 0.0000e+00
      18341    764.187    115.000    -0.6238   2.668142    -0.6231   2.668218      65.28 1.0763e-01     2.1698     3.1828     1.7293 9.9927e-01      8.222 4.4918e-04 9.9858e-04   47.55102  -52.58040    32.4777    32.4780    -0.6269    -0.6262    26.0964    26.0966     8.5211     8.5442         22 0.0000e+00
      18364    765.117    115.500    -0.6278   2.667844    -0.6281   2.667854      64.71 1.0763e-01     2.1687     3.1793     1.7213 1.2933e+00      8.220 4.0731e-04 8.0703e-04   47.55102  -52.58040    32.4777    32.4782    -0.6309    -0.6312    26.0965    26.0969     8.5208     8.5342         21 0.0000e+00
      18381    765.832    116.000    -0.6335   2.667494    -0.6333   2.667501      64.44 1.0763e-01     2.1683     3.1772     1.7383 1.0610e+00      8.220 3.8620e-04 8.7366e-04   47.55102  -52.58040    32.4788    32.4787    -0.6366    -0.6364    26.0976    26.0975     8.5200     8.5286         14 0.0000e+00
      18395    766.403    116.500    -0.6467   2.666764    -0.6458   2.666824      63.79 1.0763e-01     2.1679     3.1752     1.7262 4.0237e+00      8.220 4.2410e-04 6.9560e-04   47.55102  -52.58040    32.4830    32.4828    -0.6498    -0.6489    26.1015    26.1013     8.4977     8.5111         14 0.0000e+00
      18407    766.937    117.000    -0.6558   2.666182    -0.6557   2.666191      63.62 1.0763e-01     2.1658     3.1722     1.7253 2.1198e+00      8.220 4.2365e-04 8.1398e-04   47.55102  -52.58040    32.4846    32.4847    -0.6589    -0.6588    26.1031    26.1032     8.4600     8.4767         12 0.0000e+00
      18420    767.462    117.500    -0.6642   2.665754    -0.6640   2.665782      62.86 1.0763e-01     2.1631     3.1669     1.7307 1.2150e+00      8.218 4.0954e-04 6.5642e-04   47.55102  -52.58040    32.4876    32.4877    -0.6673    -0.6671    26.1059    26.1059     8.4231     8.4296         13 0.0000e+00
      18433    768.002    118.000    -0.6688   2.665535    -0.6688   2.665558      62.56 1.0763e-01     2.1596     3.1589     1.7205 9.6467e-01      8.215 4.0847e-04 6.5746e-04   47.55102  -52.58038    32.4892    32.4896    -0.6719    -0.6719    26.1074    26.1076     8.3969     8.3888         13 0.0000e+00
      18447    768.578    118.500    -0.6549   2.666798    -0.6552   2.666750      61.89 1.0763e-01     2.1557     3.1510     1.7366 1.0437e+00      8.215 4.4083e-04 7.3194e-04   47.55103  -52.58038    32.4910    32.4906    -0.6580    -0.6583    26.1083    26.1080     8.3782     8.3678         15 0.0000e+00
      18461    769.159    119.000    -0.6599   2.667353    -0.6591   2.667378      61.34 1.0763e-01     2.1523     3.1443     1.7385 9.7394e-01      8.212 4.4636e-04 1.1221e-03   47.55104  -52.58038    32.5035    32.5030    -0.6631    -0.6622    26.1186    26.1181     8.3766     8.3678         13 0.0000e+00
      18474    769.715    119.500    -0.7109   2.664030    -0.7122   2.664018      61.00 1.0763e-01     2.1498     3.1395     1.7334 1.0092e+00      8.210 4.0207e-04 5.5634e-04   47.55104  -52.58038    32.5134    32.5147    -0.7140    -0.7153    26.1285    26.1295     8.3856     8.3804         13 0.0000e+00
      18487    770.232    120.000    -0.7589   2.660050    -0.7594   2.660044      60.30 1.0763e-01     2.1476     3.1357     1.7308 1.0329e+00      8.211 3.9705e-04 9.1738e-04   47.55104  -52.58038    32.5113    32.5118    -0.7620    -0.7625    26.1285    26.1288     8.3870     8.3858         12 0.0000e+00
      18498    770.707    120.500    -0.7716   2.658697    -0.7724   2.658663      60.08 1.0763e-01     2.1452     3.1320     1.7329 1.1551e+00      8.206 4.0740e-04 8.8809e-04   47.55104  -52.58038    32.5065    32.5069    -0.7747    -0.7755    26.1250    26.1254     8.3739     8.3721         11 0.0000e+00
      18509    771.151    121.000    -0.7754   2.658292    -0.7721   2.658508      59.46 1.0763e-01     2.1430     3.1290     1.7415 7.0072e-01      8.206 4.1270e-04 6.0740e-04   47.55104  -52.58038    32.5048    32.5043    -0.7785    -0.7752    26.1238    26.1232     8.3597     8.3561         10 0.0000e+00
      18519    771.572    121.500    -0.7593   2.659059    -0.7590   2.659202      59.05 1.0763e-01     2.1410     3.1243     1.7354 6.5079e-01      8.204 4.1186e-04 3.6072e-04   47.55104  -52.58038    32.4975    32.4992    -0.7624    -0.7621    26.1173    26.1187     8.3398     8.3298         10 0.0000e+00
      18529    771.995    122.000    -0.7359   2.661388    -0.7376   2.661256      58.78 1.0763e-01     2.1382     3.1203     1.7428 9.1918e-01      8.202 4.0134e-04 9.9144e-04   47.55104  -52.58038    32.5033    32.5034    -0.7390    -0.7407    26.1212    26.1213     8.3152     8.3084         11 0.0000e+00
      18539    772.431    122.500    -0.7292   2.662136    -0.7299   2.662056      58.06 1.0763e-01     2.1356     3.1153     1.7414 9.9892e-01      8.201 4.0087e-04 1.0975e-03   47.55104  -52.58038    32.5059    32.5056    -0.7324    -0.7331    26.1231    26.1228     8.2966     8.2891         10 0.0000e+00
      18550    772.891    123.000    -0.7327   2.662760    -0.7298   2.662913      57.92 1.0763e-01     2.1329     3.1112     1.7478 7.1758e-01      8.201 4.1745e-04 8.1728e-04   47.55104  -52.58038    32.5178    32.5168    -0.7359    -0.7330    26.1327    26.1319     8.2793     8.2730         12 0.0000e+00
      18563    773.405    123.500    -0.7419   2.662819    -0.7412   2.662923      56.65 1.0763e-01     2.1296     3.1055     1.7531 5.9543e-01      8.197 4.3464e-04 1.0282e-03   47.55104  -52.58038    32.5282    32.5288    -0.7451    -0.7444    26.1415    26.1420     8.2558     8.2486         13 0.0000e+00
      18577    774.008    124.000    -0.7368   2.663613    -0.7369   2.663733      56.35 1.0763e-01     2.1250     3.0984     1.7402 7.8578e-01      8.196 4.2481e-04 6.9393e-04   47.55104  -52.58038    32.5331    32.5348    -0.7400    -0.7401    26.1453    26.1467     8.2222     8.2172         16 0.0000e+00
      18594    774.727    124.500    -0.7583   2.662236    -0.7580   2.662272      55.86 1.0763e-01     2.1196     3.0893     1.7371 5.9811e-01      8.194 4.1229e-04 8.8133e-04   47.55104  -52.58038    32.5374    32.5375    -0.7615    -0.7612    26.1496    26.1497     8.2050     8.2040         18 0.0000e+00
      18613    775.492    125.000    -0.7488   2.663341    -0.7493   2.663372      55.08 1.0763e-01     2.1145     3.0825     1.7540 1.3963e+00      8.191 4.7038e-04 8.1286e-04   47.55104  -52.58038    32.5417    32.5427    -0.7520    -0.7525    26.1527    26.1535     8.1948     8.2054         18 0.0000e+00
      18630    776.224    125.500    -0.7588   2.663111    -0.7655   2.662610      54.62 1.0763e-01     2.1106     3.0781     1.7434 4.6211e-01      8.190 4.9636e-04 3.4911e-04   47.55104  -52.58038    32.5491    32.5496    -0.7620    -0.7687    26.1591    26.1597     8.1946     8.2126         17 0.0000e+00
      18646    776.856    126.000    -0.7989   2.660278    -0.7966   2.660503      54.33 1.0766e-01     2.1077     3.0748     1.7236 7.6125e-01      8.187 5.3302e-04 7.8606e-04   47.55104  -52.58038    32.5539    32.5545    -0.8021    -0.7998    26.1644    26.1647     8.2039     8.2162         14 0.0000e+00
      18659    777.400    126.500    -0.8098   2.659140    -0.8100   2.659124      53.67 1.0763e-01     2.1057     3.0724     1.7407 8.2873e-01      8.186 5.6656e-04 1.0192e-03   47.55104  -52.58038    32.5501    32.5501    -0.8130    -0.8132    26.1616    26.1617     8.2074     8.2114         12 0.0000e+00
      18670    777.889    127.000    -0.8019   2.659645    -0.8023   2.659616      53.58 1.0763e-01     2.1043     3.0699     1.7399 6.6155e-01      8.186 6.1752e-04 7.1624e-04   47.55104  -52.58038    32.5481    32.5481    -0.8051    -0.8055    26.1598    26.1598     8.2056     8.1995         12 0.0000e+00
      18682    778.356    127.500    -0.8011   2.659941    -0.7992   2.660023      52.69 1.0763e-01     2.1030     3.0672     1.7249 6.4975e-01      8.184 6.1265e-04 8.8100e-04   47.55104  -52.58038    32.5508    32.5499    -0.8043    -0.8024    26.1620    26.1611     8.1985     8.1905         11 0.0000e+00
      18693    778.820    128.000    -0.7948   2.660446    -0.7942   2.660625      52.66 1.0773e-01     2.1015     3.0655     1.7521 4.6068e-01      8.182 4.8505e-04 7.8019e-04   47.55104  -52.58038    32.5506    32.5524    -0.7981    -0.7975    26.1615    26.1630     8.1940     8.1860         11 0.0000e+00
      18704    779.299    128.500    -0.7940   2.660843    -0.7939   2.660790      51.64 1.0766e-01     2.1002     3.0627     1.7522 6.3690e-01      8.181 4.8246e-04 7.1403e-04   47.55104  -52.58038    32.5548    32.5539    -0.7973    -0.7972    26.1649    26.1642     8.1892     8.1819         12 0.0000e+00
      18716    779.812    129.000    -0.7797   2.661712    -0.7800   2.661696      51.52 1.0763e-01     2.0990     3.0608     1.7461 6.7032e-01      8.181 4.1099e-04 8.3976e-04   47.55104  -52.58038    32.5507    32.5508    -0.7830    -0.7833    26.1611    26.1612     8.1782     8.1737         13 0.0000e+00
      18730    780.392    129.500    -0.7506   2.664563    -0.7511   2.664432      50.66 1.0763e-01     2.0972     3.0586     1.7591 1.7032e+00      8.180 3.7935e-04 5.0339e-04   47.55104  -52.58038    32.5574    32.5562    -0.7539    -0.7544    26.1655    26.1645     8.1580     8.1558         15 0.0000e+00
      18748    781.130    130.000    -0.7396   2.665844    -0.7420   2.665657      50.15 1.0763e-01     2.0950     3.0548     1.7504 7.6743e-01      8.178 4.2863e-04 6.6764e-04   47.55104  -52.58038    32.5625    32.5626    -0.7430    -0.7454    26.1692    26.1694     8.1403     8.1334         20 0.0000e+00
      18770    782.025    130.500    -0.7240   2.667564    -0.7210   2.667671      49.50 1.0765e-01     2.0918     3.0497     1.7624 2.1738e+00      8.176 4.6718e-04 9.9756e-04   47.55104  -52.58038    32.5685    32.5668    -0.7274    -0.7244    26.1735    26.1720     8.1158     8.1084         21 0.0000e+00
