D146a002.CNV
* Sea-Bird SBE 9 Data File:
* FileName = C:\CTD_ACQUISITION\2025146LAT\ctddata\146a002.hdr
* Software Version Seasave V 7.26.7.121
* Temperature SN = 4807
* Conductivity SN = 4361
* Number of Bytes Per Scan = 44
* Number of Voltage Words = 5
* Number of Scans Averaged by the Deck Unit = 1
* NMEA Latitude = 47 33.03 N
* NMEA Longitude = 052 34.82 W
* NMEA UTC (Time) = Apr 29 2025 11:10:22
* NMEA baud rate = 4800
** Ship: R/V ATALANTE
** Cruise: LAT2025146
** Chief_Scientist: MARC RINGUETTE
** Organization: BIO
** Area_of_Operation: LABRADOR SEA
** Cruise_Description: ATLANTIC ZONE OFFSHORE MONITORING PROGRAM (AZOMP)
** Station_Name: STN27
** Event_Number:  002
** Sounding:  180
** Event_Comments:
# nquan = 28
# nvalues = 337                         
# units = specified
# name 0 = scan: Scan Count
# name 1 = timeS: Time, Elapsed [seconds]
# name 2 = prDM: Pressure, Digiquartz [db]
# name 3 = t090C: Temperature [ITS-90, deg C]
# name 4 = c0S/m: Conductivity [S/m]
# name 5 = t190C: Temperature, 2 [ITS-90, deg C]
# name 6 = c1S/m: Conductivity, 2 [S/m]
# name 7 = altM: Altimeter [m]
# name 8 = par/sat/log: PAR/Logarithmic, Satlantic
# name 9 = sbeox0V: Oxygen raw, SBE 43 [V]
# name 10 = sbeox1V: Oxygen raw, SBE 43, 2 [V]
# name 11 = flSPuv0: Fluorescence, Seapoint Ultraviolet
# name 12 = flSP: Fluorescence, Seapoint
# name 13 = ph: pH
# name 14 = turbWETbb0: Turbidity, WET Labs ECO BB [m^-1/sr]
# name 15 = spar: SPAR, Biospherical/Licor
# name 16 = latitude: Latitude [deg]
# name 17 = longitude: Longitude [deg]
# name 18 = sal00: Salinity, Practical [PSU]
# name 19 = sal11: Salinity, Practical, 2 [PSU]
# name 20 = potemp090C: Potential Temperature [ITS-90, deg C]
# name 21 = potemp190C: Potential Temperature, 2 [ITS-90, deg C]
# name 22 = sigma-é00: Density [sigma-theta, kg/m^3]
# name 23 = sigma-é11: Density, 2 [sigma-theta, kg/m^3]
# name 24 = sbeox0ML/L: Oxygen, SBE 43 [ml/l], WS = 2
# name 25 = sbeox1ML/L: Oxygen, SBE 43, 2 [ml/l], WS = 2
# name 26 = nbin: number of scans per bin
# name 27 = flag: flag
# span 0 =      11023,      23231       
# span 1 =    459.254,    967.918       
# span 2 =      2.000,    170.000       
# span 3 =    -0.8098,     1.0070       
# span 4 =   2.658292,   2.770847       
# span 5 =    -0.8100,     1.0061       
# span 6 =   2.658508,   2.770833       
# span 7 =       0.98,      99.99       
# span 8 = 1.0763e-01, 1.0822e-01       
# span 9 =     2.0212,     2.2548       
# span 10 =     2.9494,     3.3074      
# span 11 =     1.7205,     1.8682      
# span 12 = 2.3658e-01, 4.0237e+00      
# span 13 =      8.140,      8.286      
# span 14 = 2.8324e-04, 1.4004e-03      
# span 15 = 2.6840e-04, 1.3356e-03      
# span 16 =   47.55078,   47.55106      
# span 17 =  -52.58044,  -52.58032      
# span 18 =    32.1487,    32.6869      
# span 19 =    32.1490,    32.6865      
# span 20 =    -0.8130,     1.0069      
# span 21 =    -0.8132,     1.0060      
# span 22 =    25.7528,    26.2612      
# span 23 =    25.7530,    26.2611      
# span 24 =     7.7973,     8.7038      
# span 25 =     7.8060,     8.7716      
# span 26 =          7,         69      
# span 27 = 0.0000e+00, 0.0000e+00      
# interval = decibars: 0.5              
# start_time = Apr 29 2025 11:10:23 [NMEA time, first data scan]
# bad_flag = -9.990e-29
*END*
[from data line 259]
      18802    783.354    131.500    -0.7079   2.669079    -0.7087   2.669004      48.48 1.0772e-01     2.0873     3.0433     1.7619 4.9654e-01      8.176 5.5620e-04 4.0700e-04   47.55104  -52.58038    32.5710    32.5708    -0.7114    -0.7122    26.1749    26.1748     8.1054     8.1083         12 0.0000e+00
      18812    783.803    132.000    -0.7046   2.669497    -0.7052   2.669385      48.48 1.0763e-01     2.0865     3.0420     1.7662 4.7303e-01      8.176 5.5985e-04 1.0843e-03   47.55104  -52.58038    32.5727    32.5719    -0.7081    -0.7087    26.1762    26.1756     8.1152     8.1084         10 0.0000e+00
      18822    784.191    132.500    -0.7108   2.669277    -0.7100   2.669270      47.70 1.0763e-01     2.0858     3.0414     1.7453 5.9550e-01      8.175 5.1467e-04 1.0859e-03   47.55104  -52.58038    32.5762    32.5752    -0.7143    -0.7135    26.1793    26.1785     8.1176     8.1091          9 0.0000e+00
      18830    784.553    133.000    -0.7131   2.669112    -0.7131   2.669117      47.48 1.0763e-01     2.0856     3.0405     1.7516 5.7011e-01      8.175 4.2966e-04 9.2015e-04   47.55104  -52.58038    32.5761    32.5762    -0.7166    -0.7166    26.1793    26.1794     8.1134     8.1084          8 0.0000e+00
      18839    784.901    133.500    -0.7213   2.668783    -0.7214   2.668774      47.47 1.0768e-01     2.0853     3.0395     1.7481 4.4680e-01      8.172 4.2793e-04 6.0565e-04   47.55104  -52.58038    32.5803    32.5802    -0.7248    -0.7249    26.1829    26.1829     8.1096     8.1047          8 0.0000e+00
      18847    785.247    134.000    -0.7220   2.668670    -0.7208   2.668670      46.15 1.0771e-01     2.0839     3.0391     1.7573 5.9296e-01      8.173 4.2745e-04 8.1223e-04   47.55104  -52.58038    32.5791    32.5779    -0.7255    -0.7243    26.1820    26.1810     8.0979     8.1028          9 0.0000e+00
      18856    785.607    134.500    -0.7129   2.669232    -0.7112   2.669392      46.02 1.0771e-01     2.0831     3.0378     1.7644 4.7813e-01      8.171 4.2745e-04 2.9806e-04   47.55104  -52.58038    32.5767    32.5770    -0.7165    -0.7147    26.1797    26.1799     8.0895     8.0940          9 0.0000e+00
      18865    785.998    135.000    -0.7067   2.669972    -0.7063   2.669969      45.70 1.0767e-01     2.0820     3.0365     1.7558 9.7914e-01      8.171 4.2745e-04 5.4102e-04   47.55104  -52.58038    32.5796    32.5791    -0.7103    -0.7099    26.1819    26.1815     8.0823     8.0862          9 0.0000e+00
      18876    786.457    135.500    -0.6749   2.672289    -0.6736   2.672367      44.68 1.0769e-01     2.0813     3.0350     1.7397 7.0422e-01      8.171 4.3007e-04 7.5084e-04   47.55104  -52.58038    32.5762    32.5758    -0.6785    -0.6772    26.1779    26.1776     8.0665     8.0723         13 0.0000e+00
      18890    787.056    136.000    -0.6648   2.673819    -0.6648   2.673774      44.21 1.0769e-01     2.0791     3.0331     1.7619 1.0821e+00      8.171 4.3482e-04 5.8240e-04   47.55104  -52.58038    32.5855    32.5849    -0.6684    -0.6684    26.1851    26.1847     8.0517     8.0621         17 0.0000e+00
      18913    787.989    136.500    -0.6642   2.674039    -0.6648   2.673988      43.39 1.0774e-01     2.0768     3.0294     1.7570 6.9872e-01      8.170 4.3518e-04 6.7705e-04   47.55104  -52.58038    32.5875    32.5875    -0.6679    -0.6685    26.1867    26.1868     8.0442     8.0496         27 0.0000e+00
      18938    789.051    137.000    -0.6660   2.674064    -0.6658   2.674033      42.79 1.0774e-01     2.0738     3.0256     1.7521 7.1869e-01      8.170 3.6588e-04 8.2091e-04   47.55104  -52.58038    32.5895    32.5889    -0.6697    -0.6695    26.1884    26.1879     8.0273     8.0399         21 0.0000e+00
      18955    789.738    137.500    -0.6665   2.674037    -0.6666   2.674002      42.53 1.0771e-01     2.0720     3.0237     1.7467 7.1336e-01      8.168 4.3531e-04 8.7287e-04   47.55104  -52.58038    32.5893    32.5890    -0.6702    -0.6703    26.1883    26.1880     8.0230     8.0354         14 0.0000e+00
      18967    790.247    138.000    -0.6650   2.674225    -0.6650   2.674190      41.94 1.0780e-01     2.0707     3.0217     1.7674 5.6250e-01      8.167 1.0346e-03 8.8791e-04   47.55104  -52.58038    32.5900    32.5895    -0.6687    -0.6687    26.1887    26.1884     8.0181     8.0300         11 0.0000e+00
      18977    790.683    138.500    -0.6640   2.674550    -0.6640   2.674500      41.82 1.0771e-01     2.0697     3.0202     1.7692 3.6127e-01      8.166 1.0348e-03 7.3436e-04   47.55104  -52.58038    32.5929    32.5923    -0.6677    -0.6677    26.1911    26.1906     8.0150     8.0302         10 0.0000e+00
      18987    791.089    139.000    -0.6678   2.674432    -0.6686   2.674367      41.32 1.0767e-01     2.0688     3.0198     1.7777 4.7074e-01      8.166 8.9070e-04 1.0855e-03   47.55104  -52.58038    32.5952    32.5951    -0.6715    -0.6723    26.1931    26.1931     8.0142     8.0339         10 0.0000e+00
      18997    791.511    139.500    -0.6707   2.674195    -0.6712   2.674123      40.81 1.0774e-01     2.0680     3.0187     1.7509 1.0144e+00      8.166 7.7197e-04 5.0349e-04   47.55104  -52.58038    32.5949    32.5944    -0.6744    -0.6749    26.1929    26.1926     8.0147     8.0303         10 0.0000e+00
      19008    791.973    140.000    -0.6734   2.674035    -0.6733   2.674017      40.46 1.0772e-01     2.0671     3.0178     1.7431 7.9658e-01      8.166 7.6035e-04 5.0850e-04   47.55104  -52.58038    32.5953    32.5949    -0.6771    -0.6770    26.1933    26.1931     8.0148     8.0253         12 0.0000e+00
      19022    792.536    140.500    -0.6807   2.673640    -0.6812   2.673569      39.49 1.0773e-01     2.0662     3.0161     1.7561 1.4187e+00      8.166 5.2007e-04 8.9137e-04   47.55104  -52.58037    32.5975    32.5972    -0.6844    -0.6850    26.1954    26.1952     8.0184     8.0223         15 0.0000e+00
      19039    793.250    141.000    -0.6961   2.672415    -0.6965   2.672427      38.89 1.0779e-01     2.0655     3.0147     1.7563 5.2265e-01      8.166 8.4873e-04 7.7118e-04   47.55104  -52.58036    32.5974    32.5981    -0.6998    -0.7002    26.1959    26.1964     8.0234     8.0243         19 0.0000e+00
      19057    793.996    141.500    -0.7131   2.671220    -0.7138   2.671106      38.41 1.0783e-01     2.0648     3.0128     1.7557 5.6934e-01      8.166 1.4004e-03 5.7551e-04   47.55104  -52.58036    32.5994    32.5986    -0.7168    -0.7175    26.1982    26.1975     8.0246     8.0270         17 0.0000e+00
      19072    794.638    142.000    -0.7140   2.670910    -0.7104   2.671227      38.00 1.0774e-01     2.0640     3.0122     1.7520 4.7901e-01      8.166 7.9713e-04 6.5921e-04   47.55104  -52.58037    32.5959    32.5963    -0.7178    -0.7142    26.1954    26.1955     8.0228     8.0316         13 0.0000e+00
      19085    795.148    142.500    -0.7084   2.671378    -0.7101   2.671254      37.51 1.0784e-01     2.0636     3.0119     1.7530 6.5817e-01      8.165 6.0923e-04 6.6639e-04   47.55104  -52.58038    32.5958    32.5961    -0.7122    -0.7139    26.1951    26.1953     8.0198     8.0328         11 0.0000e+00
      19095    795.576    143.000    -0.7097   2.671377    -0.7058   2.671557      37.15 1.0774e-01     2.0634     3.0114     1.7448 8.1206e-01      8.164 7.5079e-04 9.8669e-04   47.55104  -52.58038    32.5970    32.5952    -0.7135    -0.7096    26.1961    26.1945     8.0196     8.0334         10 0.0000e+00
      19104    795.963    143.500    -0.7239   2.670615    -0.7236   2.670712      37.01 1.0775e-01     2.0628     3.0115     1.7567 5.7509e-01      8.164 9.8075e-04 8.1198e-04   47.55104  -52.58038    32.6017    32.6027    -0.7277    -0.7274    26.2004    26.2012     8.0229     8.0409          9 0.0000e+00
      19113    796.337    144.000    -0.7278   2.670120    -0.7293   2.670007      35.95 1.0775e-01     2.0624     3.0114     1.7607 6.8335e-01      8.163 9.7788e-04 8.1400e-04   47.55104  -52.58038    32.5990    32.5991    -0.7316    -0.7331    26.1984    26.1985     8.0260     8.0456          9 0.0000e+00
      19122    796.712    144.500    -0.7289   2.669942    -0.7297   2.669889      35.96 1.0788e-01     2.0625     3.0116     1.7508 5.4264e-01      8.163 7.9896e-04 5.3995e-04   47.55104  -52.58038    32.5975    32.5976    -0.7327    -0.7335    26.1971    26.1973     8.0335     8.0489          9 0.0000e+00
      19131    797.096    145.000    -0.7262   2.670171    -0.7264   2.670108      35.28 1.0782e-01     2.0624     3.0121     1.7602 4.0105e-01      8.163 5.0799e-04 8.4829e-04   47.55104  -52.58038    32.5974    32.5967    -0.7300    -0.7302    26.1970    26.1964     8.0349     8.0523         10 0.0000e+00
      19141    797.503    145.500    -0.7321   2.669867    -0.7305   2.669940      34.63 1.0778e-01     2.0625     3.0121     1.7513 5.6640e-01      8.162 5.0185e-04 8.5470e-04   47.55104  -52.58038    32.5993    32.5986    -0.7359    -0.7343    26.1987    26.1981     8.0370     8.0535         10 0.0000e+00
      19152    797.955    146.000    -0.7451   2.669099    -0.7409   2.669375      34.37 1.0790e-01     2.0624     3.0128     1.7423 6.6537e-01      8.161 4.8931e-04 8.8777e-04   47.55104  -52.58038    32.6028    32.6019    -0.7489    -0.7447    26.2021    26.2012     8.0337     8.0558         11 0.0000e+00
      19165    798.487    146.500    -0.7514   2.668477    -0.7504   2.668546      33.37 1.0787e-01     2.0622     3.0126     1.7500 6.0437e-01      8.161 4.8156e-04 5.1791e-04   47.55104  -52.58037    32.6009    32.6007    -0.7552    -0.7542    26.2008    26.2006     8.0285     8.0528         14 0.0000e+00
      19180    799.105    147.000    -0.7506   2.668416    -0.7551   2.668262      32.98 1.0788e-01     2.0613     3.0122     1.7587 8.5596e-01      8.161 4.3447e-04 5.3421e-04   47.55104  -52.58036    32.5989    32.6017    -0.7544    -0.7589    26.1991    26.2015     8.0241     8.0456         16 0.0000e+00
      19196    799.774    147.500    -0.7527   2.668353    -0.7600   2.667823      32.58 1.0788e-01     2.0610     3.0114     1.7454 7.6339e-01      8.161 4.0451e-04 3.8072e-04   47.55104  -52.58036    32.6000    32.6008    -0.7566    -0.7638    26.2001    26.2009     8.0343     8.0452         16 0.0000e+00
      19211    800.401    148.000    -0.7546   2.668262    -0.7573   2.667989      31.73 1.0787e-01     2.0610     3.0107     1.7515 3.7250e-01      8.161 3.9783e-04 6.1250e-04   47.55104  -52.58036    32.6005    32.5998    -0.7585    -0.7612    26.2006    26.2001     8.0442     8.0507         14 0.0000e+00
      19223    800.935    148.500    -0.7586   2.667969    -0.7598   2.667819      31.57 1.0782e-01     2.0612     3.0110     1.7533 3.9368e-01      8.161 3.9708e-04 8.1300e-04   47.55104  -52.58036    32.6007    32.5999    -0.7625    -0.7637    26.2008    26.2002     8.0666     8.0677         12 0.0000e+00
      19235    801.397    149.000    -0.7608   2.667859    -0.7615   2.667778      30.87 1.0793e-01     2.0624     3.0117     1.7428 5.7179e-01      8.161 4.0278e-04 7.3244e-04   47.55104  -52.58036    32.6012    32.6009    -0.7647    -0.7654    26.2013    26.2011     8.0912     8.0837         10 0.0000e+00
      19245    801.814    149.500    -0.7711   2.667472    -0.7745   2.667331      30.88 1.0785e-01     2.0638     3.0138     1.7531 4.1232e-01      8.161 4.0467e-04 7.3260e-04   47.55104  -52.58036    32.6068    32.6087    -0.7750    -0.7784    26.2062    26.2078     8.1073     8.0994         10 0.0000e+00
      19254    802.223    150.000    -0.7914   2.666064    -0.7919   2.666008      29.88 1.0792e-01     2.0653     3.0158     1.7747 3.3460e-01      8.161 4.0392e-04 9.7292e-04   47.55104  -52.58036    32.6095    32.6093    -0.7953    -0.7958    26.2091    26.2090     8.1087     8.1039         10 0.0000e+00
      19264    802.642    150.500    -0.7877   2.666240    -0.7867   2.666172      29.64 1.0793e-01     2.0660     3.0166     1.7468 7.9581e-01      8.161 3.6063e-04 7.3467e-04   47.55104  -52.58036    32.6076    32.6056    -0.7916    -0.7906    26.2074    26.2058     8.0864     8.0852         10 0.0000e+00
      19275    803.090    151.000    -0.7581   2.667971    -0.7649   2.667474      29.08 1.0786e-01     2.0660     3.0161     1.7469 6.6952e-01      8.161 3.5910e-04 8.9046e-04   47.55104  -52.58036    32.5986    32.5993    -0.7620    -0.7688    26.1991    26.1999     8.0514     8.0529         11 0.0000e+00
      19287    803.585    151.500    -0.7335   2.670941    -0.7348   2.670599      28.43 1.0797e-01     2.0647     3.0138     1.7425 4.4049e-01      8.161 3.8316e-04 8.4513e-04   47.55104  -52.58036    32.6118    32.6085    -0.7375    -0.7388    26.2089    26.2063     8.0179     8.0179         13 0.0000e+00
      19301    804.171    152.000    -0.6669   2.674833    -0.6712   2.674359      27.79 1.0790e-01     2.0632     3.0104     1.7495 4.8628e-01      8.161 4.0483e-04 9.7775e-04   47.55104  -52.58036    32.5919    32.5902    -0.6710    -0.6753    26.1903    26.1892     7.9859     7.9831         15 0.0000e+00
      19317    804.840    152.500    -0.5869   2.683140    -0.5849   2.683193      27.31 1.0796e-01     2.0610     3.0063     1.7514 4.7028e-01      8.161 4.2047e-04 7.8812e-04   47.55104  -52.58036    32.6168    32.6153    -0.5911    -0.5891    26.2075    26.2063     7.9548     7.9514         17 0.0000e+00
      19334    805.530    153.000    -0.5906   2.683950    -0.5935   2.683706      26.72 1.0795e-01     2.0590     3.0026     1.7578 5.1338e-01      8.157 4.2827e-04 6.0814e-04   47.55104  -52.58036    32.6313    32.6312    -0.5948    -0.5977    26.2194    26.2194     7.9500     7.9505         16 0.0000e+00
      19349    806.150    153.500    -0.6223   2.681589    -0.6234   2.681426      26.21 1.0797e-01     2.0575     3.0006     1.7624 1.2665e+00      8.156 4.6213e-04 9.6188e-04   47.55104  -52.58036    32.6336    32.6326    -0.6265    -0.6276    26.2224    26.2217     7.9572     7.9582         14 0.0000e+00
      19362    806.703    154.000    -0.6181   2.681615    -0.6196   2.681426      25.86 1.0785e-01     2.0565     2.9986     1.7534 1.0854e+00      8.156 4.7224e-04 7.0955e-04   47.55104  -52.58036    32.6291    32.6281    -0.6223    -0.6238    26.2187    26.2180     7.9531     7.9516         14 0.0000e+00
      19378    807.392    154.500    -0.6076   2.682650    -0.6077   2.682559      24.98 1.0794e-01     2.0549     2.9960     1.7746 5.0998e-01      8.156 6.2028e-04 9.2905e-04   47.55104  -52.58036    32.6313    32.6302    -0.6118    -0.6119    26.2201    26.2192     7.9355     7.9364         16 0.0000e+00
      19390    807.883    155.000    -0.5909   2.684128    -0.5853   2.684397      24.94 1.0792e-01     2.0538     2.9944     1.7844 6.1298e-01      8.156 6.1048e-04 3.9872e-04   47.55104  -52.58036    32.6329    32.6304    -0.5952    -0.5896    26.2207    26.2184     7.9148     7.9196          9 0.0000e+00
      19399    808.258    155.500    -0.5840   2.684894    -0.5833   2.685008      24.13 1.0792e-01     2.0522     2.9919     1.7610 7.5046e-01      8.156 5.0148e-04 2.6840e-04   47.55104  -52.58036    32.6353    32.6361    -0.5883    -0.5876    26.2224    26.2230     7.8983     7.9065          9 0.0000e+00
      19407    808.594    156.000    -0.5804   2.685216    -0.5790   2.685269      24.07 1.0800e-01     2.0510     2.9903     1.7708 5.8195e-01      8.155 4.8588e-04 6.0051e-04   47.55104  -52.58036    32.6355    32.6347    -0.5847    -0.5833    26.2224    26.2217     7.8887     7.8968          8 0.0000e+00
      19415    808.925    156.500    -0.5609   2.687016    -0.5602   2.687066      24.02 1.0800e-01     2.0496     2.9883     1.7464 4.5199e-01      8.153 4.8580e-04 9.0445e-04   47.55104  -52.58036    32.6384    32.6382    -0.5653    -0.5646    26.2240    26.2238     7.8781     7.8875          8 0.0000e+00
